leftUpX=2905
leftUpY=937
leftUpLongitude=120.68342417
leftUpLatitude=36.37705317
rightUpX=5086
rightUpY=899
rightUpLongitude=120.689472381
rightUpLatitude=36.377111307
leftBottomX=1409
leftBottomY=8380
leftBottomLongitude=120.679271940
leftBottomLatitude=36.359550194
rightBottomX=6610
rightBottomY=10730
rightBottomLongitude=120.694013361
rightBottomLatitude=36.353899386
eastX=6697
eastY=5697
eastLatitude=36.365837748
eastLongitude=120.694203798
startOfStudyYear=2022
startOfStudyMonth=02
startOfStudyDay=20
nowVersion=1.01
DATABASE_VERSION=2


